11 0.762732
10 0.827895
9 1.22645
8 1.29172
7 1.62228
6 1.95581
5 2.22481
4 2.35739
3 2.42394
2 2.56071
1 2.69489
2 3.93249
3 4.00011
4 4.06687
5 4.13389
6 4.20903
7 4.27405
6 4.47311
5 4.53883
4 4.61631
3 4.68473
4 4.89329
5 4.95946
6 5.0266
7 5.09438
8 5.16317
9 5.22901
10 5.30357
11 5.37057
10 5.63981
9 5.70672
8 5.77149
7 5.84439
8 6.24169
9 6.30795
10 6.38088
9 6.44737
8 6.51371
7 6.58078
6 6.65021
5 6.71787
6 6.85159
7 6.92232
8 6.98715
7 7.05267
6 7.12078
5 7.18989
4 7.25911
3 7.32421
2 7.38941
1 7.4618
2 7.93013
3 8.00165
4 8.0704
3 8.13619
4 8.13619
3 8.203
2 8.26948
1 8.33507
2 8.54216
3 8.60763
4 8.67603
5 8.74129
6 8.80721
7 8.87634
8 8.94309
9 9.00998
10 9.08195
11 9.14821
12 9.2227
13 9.29244
14 9.35916
15 9.42349
16 9.48926
17 9.55693
16 10.0968
15 10.1679
14 10.2344
13 10.3
12 10.3661
11 10.4319
10 10.5007
9 10.567
8 10.6381
7 10.712
8 10.8467
9 10.9146
10 10.9804
11 11.0472
12 11.1138
11 11.1846
10 11.2595
9 11.3255
8 11.3934
7 11.459
6 11.5245
7 11.8645
8 11.9307
9 11.9989
10 12.0656
11 12.1335
12 12.1997
13 12.2693
14 12.3406
15 12.4108
16 12.4768
17 12.5435
18 12.6119
17 12.9501
16 13.0171
15 13.0833
14 13.1554
13 13.2238
12 13.2892
11 13.3547
12 14.1697
13 14.2349
14 14.2991
13 14.7013
12 14.768
11 14.8336
10 14.9005
9 14.9713
8 15.0422
7 15.1092
8 15.9205
9 15.9863
10 16.051
11 16.1245
10 16.3993
9 16.4684
8 16.5353
7 16.603
6 17.2179
5 17.2854
4 17.3507
3 17.417
4 17.5485
5 17.6147
6 17.6812
5 18.0161
4 18.0807
5 18.3523
6 18.4194
7 18.4835
8 18.5485
9 18.6139
10 18.6808
11 18.7473
12 18.8207
13 19.4241
14 19.4902
13 19.7536
